0 280.59 320.00 8.82 18.82
0 298.82 341.76 12.94 17.25
0 303.53 337.65 14.12 19.02
0 405.10 0.00 12.16 10.78
0 342.16 177.65 18.43 7.65
0 356.67 193.14 6.47 17.25
0 326.86 176.47 7.65 15.10
0 250.59 480.78 18.24 21.57
0 408.04 10.78 10.00 8.82
0 382.94 29.02 12.55 13.53
0 415.49 7.45 15.49 12.16
0 394.90 26.08 4.71 7.25
0 399.80 28.04 8.04 6.67
0 405.69 29.61 12.16 8.04
0 378.43 78.24 5.49 6.67
0 393.73 76.86 8.63 7.25
0 376.67 92.94 6.86 7.25
0 364.90 101.76 5.29 4.12
0 378.63 107.45 4.12 3.92
0 367.25 126.27 9.02 7.84
0 357.84 115.29 3.92 4.51
0 338.24 196.67 17.25 8.63
0 345.69 207.65 14.90 5.69
0 351.96 228.43 11.37 5.29
0 379.22 220.20 2.75 4.51
0 462.55 162.75 13.53 9.22
0 415.88 357.65 9.80 9.80
0 353.73 303.33 6.86 10.59
0 378.04 157.65 5.29 6.67
0 258.43 428.24 17.84 14.31
0 272.35 374.71 3.92 4.12
0 299.41 263.73 13.14 13.73
0 285.88 363.73 20.78 17.65
0 306.86 367.25 6.86 7.45
0 359.61 305.88 6.47 5.88
0 356.08 285.88 2.35 4.12
0 284.51 308.82 5.69 11.37
0 224.12 495.69 7.65 8.24
0 220.00 531.18 12.94 18.04
0 274.31 392.75 5.88 8.43
0 285.49 337.06 8.04 3.73
0 318.24 281.76 13.92 14.12
0 226.08 571.76 13.53 9.02
0 185.29 606.08 6.47 7.25
0 220.39 523.14 7.06 7.06
0 275.88 429.02 3.73 15.10
0 251.76 437.65 5.29 8.04
0 235.10 546.08 4.51 10.20
0 233.53 490.59 14.90 14.90
0 235.88 536.08 5.10 4.71
0 232.16 528.43 3.14 5.10
0 298.24 277.06 5.88 4.31
0 255.88 452.75 15.49 12.16
0 256.08 463.33 9.41 8.24
0 248.63 484.71 3.33 5.88
0 252.55 467.65 4.90 5.69
0 259.22 472.16 14.12 10.78
0 231.18 521.18 4.31 5.49
0 251.18 535.88 5.10 8.43
0 231.76 580.98 7.84 7.84
0 240.78 580.98 7.65 10.78
0 210.98 623.33 7.45 5.88
0 207.84 630.39 6.67 7.06
0 386.86 62.94 8.82 7.65
0 373.73 110.78 16.86 10.98
0 416.08 0.00 22.55 9.02
0 323.33 219.41 11.96 12.75
0 334.90 305.10 11.57 11.96
0 301.18 317.84 14.31 14.12
0 311.76 324.51 17.65 16.08
0 301.76 302.16 15.88 15.29
0 260.20 410.39 20.20 17.84
0 326.86 294.90 13.33 13.33
0 450.98 203.92 13.73 6.08
0 463.33 127.25 6.08 9.61
0 497.84 35.29 9.41 6.47
0 509.61 306.86 9.41 14.31
0 285.88 415.10 4.12 3.92
0 271.76 474.71 4.71 8.63
0 309.22 236.86 2.94 15.49
0 303.92 250.20 3.92 14.71
0 251.96 540.39 5.29 24.71
0 353.14 129.41 5.88 11.18
0 250.20 548.82 4.12 4.31
0 250.39 491.37 3.14 3.14
0 245.49 504.71 3.73 4.12
0 248.04 512.35 3.14 4.12
0 219.41 633.92 3.33 4.12
0 239.02 557.65 3.53 3.73
0 241.96 519.02 2.55 3.73
