0 150.59 330.39 60.20 100.78
0 142.16 246.08 60.39 102.75
0 131.57 217.84 53.14 130.98
0 204.12 205.29 49.22 72.75
0 312.55 212.75 40.78 70.98
0 368.63 204.31 42.35 67.65
0 398.43 189.61 34.12 63.73
0 437.06 220.78 48.24 69.41
0 474.90 240.59 25.29 39.41
0 430.98 200.00 44.71 62.75
0 80.78 288.82 28.43 52.75
0 86.47 312.35 49.61 169.80
0 421.57 107.06 166.27 145.88
0 164.90 335.88 21.57 15.69
0 163.33 248.24 18.43 12.75
0 145.10 223.53 18.43 7.84
0 326.47 217.45 13.73 5.88
0 389.80 207.84 12.94 6.86
0 463.14 222.94 13.73 9.80
0 477.84 263.33 8.82 9.61
