0 416.08 358.24 66.08 84.12
0 450.78 345.69 30.98 34.12
0 183.53 381.18 25.88 20.98
0 206.47 457.84 25.49 19.80
0 80.00 166.08 21.76 15.29
0 194.51 545.88 25.29 42.55
0 200.39 311.57 39.22 96.86
0 188.04 280.59 31.96 22.75
0 192.55 272.35 16.67 8.82
0 403.92 101.57 20.20 11.76
0 116.47 352.16 18.43 13.14
0 134.51 357.84 12.16 10.00
0 378.04 478.24 7.65 19.02
0 446.86 281.96 32.94 18.04
0 161.37 111.76 22.75 7.65
0 315.29 122.75 43.33 10.00
0 352.35 94.31 4.51 2.16
0 122.55 253.73 9.61 6.27
0 428.63 527.84 8.43 59.80
0 353.92 495.69 11.18 16.27
0 250.20 493.92 30.98 29.02
0 436.47 332.16 24.90 26.27
0 89.80 114.71 17.65 13.92
0 209.80 402.35 10.00 6.08
