0 113.73 0.39 219.61 116.08
0 123.53 40.78 144.90 117.25
0 114.71 105.49 332.16 285.29
0 80.00 103.33 113.53 122.16
0 80.00 307.84 116.08 263.92
0 433.73 199.80 24.90 17.65
0 400.20 340.00 44.71 42.75
0 400.20 293.33 103.53 70.20
0 80.98 283.33 198.82 204.71
0 507.25 353.92 44.51 52.75
0 476.27 288.43 41.37 36.27
0 513.73 230.78 34.90 23.14
0 272.94 369.61 47.25 32.16
0 262.75 400.39 64.12 36.47
0 246.86 389.41 22.16 23.33
0 439.80 173.33 6.47 3.73
0 502.75 314.51 6.67 18.43
0 270.39 392.94 4.71 11.37
0 322.35 354.71 28.43 86.67
0 333.53 431.37 12.75 10.20
