0 155.88 296.08 29.80 59.41
0 182.94 287.45 30.20 65.49
0 209.02 289.61 31.18 69.41
0 238.63 306.67 31.37 59.61
0 265.69 296.67 31.37 66.86
0 293.33 290.00 27.65 62.75
0 319.80 286.47 27.65 69.80
0 345.69 298.63 30.00 70.20
0 372.94 287.45 27.65 93.14
0 410.00 314.90 39.61 64.51
0 296.47 363.73 72.94 29.22
0 232.35 364.71 64.12 26.08
0 157.65 361.37 72.94 29.02
0 148.43 358.24 18.04 17.25
0 197.45 341.76 10.20 9.22
0 221.57 353.14 7.84 4.12
0 271.76 355.69 8.43 3.92
0 302.55 343.33 6.47 5.10
0 330.59 349.80 6.86 3.14
0 279.02 238.24 15.88 7.45
0 252.94 238.43 24.12 10.59
0 240.00 240.00 15.10 18.24
0 409.22 259.41 14.51 16.86
0 389.41 509.61 4.12 11.18
0 381.76 372.94 12.94 7.25
