0 323.53 215.29 39.41 30.59
0 389.41 278.24 44.12 55.88
0 332.75 280.39 8.24 7.06
0 340.59 296.27 11.18 13.53
0 468.82 299.22 26.86 27.65
0 557.45 341.76 21.96 14.51
0 468.43 259.02 7.45 6.08
0 404.71 257.65 5.29 5.29
0 382.16 202.94 9.80 20.39
0 361.37 259.80 10.00 5.49
0 370.39 293.14 12.16 6.67
0 424.90 296.67 11.18 9.41
0 347.45 327.65 8.82 12.55
0 296.86 378.04 33.14 10.98
0 223.92 382.55 9.61 9.02
0 396.47 357.06 12.55 30.00
0 415.69 335.88 33.33 24.31
0 384.12 403.73 12.94 8.43
0 371.76 326.27 26.86 11.96
0 424.71 363.73 6.08 10.20
0 447.45 338.24 13.92 21.18
0 455.29 377.84 10.39 5.10
0 438.63 376.86 9.61 9.02
0 438.43 381.57 4.71 13.14
0 450.20 390.59 6.86 6.86
0 331.76 358.82 7.45 5.88
0 408.63 371.76 9.22 10.59
0 316.08 473.92 10.78 7.06
0 424.51 377.45 7.45 5.29
0 435.49 377.25 2.75 6.67
0 393.14 427.06 11.18 4.90
0 422.75 385.88 7.06 6.27
0 389.41 339.41 4.90 3.33
0 374.90 372.55 4.31 5.10
0 408.82 431.76 8.43 5.49
0 474.90 443.92 4.31 9.80
0 529.61 460.59 4.12 7.65
0 414.71 248.04 6.27 4.71
0 414.12 383.73 7.65 3.73
0 409.22 387.25 3.33 6.27
0 412.75 416.08 4.31 8.04
0 419.02 423.33 4.71 4.90
0 424.71 291.76 8.43 5.10
0 435.69 313.53 4.71 3.73
0 193.92 300.39 17.25 7.25
0 436.08 501.96 11.96 4.12
0 533.73 429.22 8.82 7.65
0 400.20 255.69 5.49 2.55
0 570.78 197.65 6.27 7.06
0 577.45 198.82 8.43 7.06
0 573.33 189.61 13.73 9.22
0 587.84 189.61 7.45 4.12
0 376.08 539.61 12.94 4.90
0 466.27 83.73 12.16 5.10
