0 310.32 25.12 19.52 8.00
0 305.04 291.52 32.16 15.04
0 330.80 311.84 2.56 7.04
0 363.12 302.40 7.04 5.76
0 249.52 362.72 3.84 8.32
0 278.80 392.32 8.80 6.72
0 281.20 395.84 5.92 4.64
0 226.48 461.76 14.88 5.12
0 236.08 451.52 6.24 9.44
0 205.84 500.96 6.56 12.16
0 272.24 603.36 12.96 10.08
0 371.28 595.04 9.12 9.60
0 246.16 363.04 3.52 6.08
0 339.44 293.44 4.64 6.24
0 355.92 251.04 3.20 3.84
0 358.48 49.28 4.16 2.08
0 443.76 601.44 12.00 23.04
0 323.28 501.92 10.08 18.08
0 191.60 460.16 12.32 15.84
0 233.68 472.16 18.56 11.20
0 177.04 487.36 7.20 7.20
