0 0.00 80.00 91.96 18.24
0 419.61 293.33 28.04 9.80
0 510.59 308.43 6.86 2.35
0 137.06 329.80 8.24 3.14
0 398.82 305.69 4.71 2.94
0 478.43 337.84 8.04 4.51
0 586.86 345.29 5.69 3.73
0 466.08 284.51 5.49 7.25
0 284.51 273.53 12.35 9.80
0 293.14 281.57 12.94 5.29
0 151.37 277.84 10.78 13.14
0 83.53 322.16 6.86 2.55
0 31.96 286.67 9.61 8.04
0 393.92 335.10 5.88 3.73
0 514.71 349.02 11.37 5.29
0 541.96 299.41 23.14 8.24
0 535.88 281.96 22.94 8.24
0 586.08 300.98 7.45 3.73
0 581.37 320.98 15.10 5.29
0 434.12 282.75 9.61 3.53
0 332.55 306.27 5.29 3.14
0 308.63 287.45 6.86 3.53
