0 358.82 128.82 20.20 32.94
0 281.76 135.69 7.84 6.67
0 384.12 96.08 6.27 7.45
0 233.14 205.69 5.10 10.59
0 258.24 202.55 4.90 6.67
0 307.06 217.65 6.47 9.02
0 322.94 229.61 8.04 24.12
0 312.16 234.31 4.31 3.92
0 308.04 160.20 9.22 4.51
0 348.04 206.47 6.86 4.71
0 349.80 218.04 4.71 4.71
0 280.59 304.51 9.80 8.63
0 281.76 271.18 5.49 8.43
0 298.24 308.82 12.35 11.76
0 275.10 440.78 43.33 64.12
0 358.63 423.92 49.22 56.67
0 275.10 493.33 13.73 12.55
0 285.88 496.08 13.92 10.78
0 325.49 398.24 7.06 5.49
0 355.88 396.47 7.06 8.82
0 235.69 373.73 4.90 7.65
0 338.82 589.41 10.98 16.86
0 358.24 274.31 2.55 7.25
0 266.67 44.12 4.71 8.63
0 319.80 228.04 5.10 7.84
0 124.90 200.00 13.14 11.37
0 377.65 357.45 5.10 11.96
0 139.02 123.14 7.84 10.98
