0 285.54 379.52 62.53 27.47
0 318.67 320.84 8.55 3.61
0 341.20 353.13 8.67 4.10
0 435.30 258.31 7.95 3.37
0 368.19 266.87 3.98 5.78
0 226.75 407.35 11.20 3.25
0 318.43 516.87 7.59 7.35
0 480.60 232.05 4.22 4.58
0 483.01 127.47 4.10 2.53
0 477.95 150.96 5.66 2.41
0 420.48 153.73 4.82 2.41
0 425.06 160.00 4.10 2.65
0 286.39 196.27 6.27 1.69
0 296.63 186.27 6.14 3.01
0 364.58 183.49 6.14 3.37
0 352.05 175.42 3.86 4.82
0 313.37 181.81 2.05 3.98
0 227.83 214.10 5.54 3.13
0 157.23 284.22 5.06 4.94
0 181.20 299.16 3.98 3.86
0 270.60 409.16 6.63 5.18
0 317.59 456.27 7.11 7.59
0 400.00 229.64 4.10 3.25
0 219.76 339.76 4.82 4.94
0 154.22 270.24 2.05 4.58
