0 259.28 103.86 59.88 41.08
0 282.41 294.34 56.51 55.54
0 163.98 236.02 25.90 24.58
0 485.18 198.55 7.59 3.01
0 463.73 252.29 7.11 10.48
0 465.06 285.78 8.55 9.04
0 484.58 345.18 15.06 4.82
0 490.60 376.99 8.80 8.80
0 467.83 365.90 9.88 7.83
0 457.83 446.87 19.88 10.48
0 446.14 597.11 4.94 6.51
0 331.20 564.22 13.98 14.58
0 309.28 492.89 1.45 6.14
0 320.00 542.53 3.49 5.66
0 251.69 564.58 9.28 9.40
0 261.33 566.99 4.46 10.12
0 156.87 142.17 8.19 11.20
0 152.41 149.64 7.47 13.61
0 400.96 308.43 13.86 18.80
0 411.20 385.18 7.11 15.06
0 424.22 370.72 9.76 13.37
0 360.24 373.61 9.52 15.06
0 365.06 398.19 8.31 8.31
0 275.18 356.14 5.18 10.72
0 282.53 284.70 13.49 11.45
0 329.28 102.41 13.98 6.75
0 179.76 280.72 5.66 3.61
