0 531.68 102.88 15.52 8.80
0 512.96 111.52 29.28 13.44
0 481.28 130.24 19.52 18.88
0 458.88 135.20 32.80 38.56
0 390.24 240.00 24.00 21.60
0 376.32 274.88 31.52 41.92
0 342.88 260.48 53.60 35.36
0 381.60 269.76 35.68 22.08
0 283.68 282.24 46.24 43.20
0 273.60 242.08 41.92 29.12
0 274.24 211.36 33.44 38.88
0 204.00 224.80 74.56 66.40
0 162.88 367.84 59.04 55.84
0 173.12 341.44 39.68 31.68
0 211.52 408.16 36.00 44.96
0 301.44 418.24 65.28 58.56
0 287.04 334.08 91.04 102.40
0 338.24 298.72 22.56 40.00
0 369.28 325.28 27.84 33.28
0 322.24 280.16 21.44 22.72
0 243.52 408.00 56.96 58.88
0 245.44 400.96 52.32 35.68
0 310.88 482.72 57.44 38.56
0 272.00 372.32 35.04 42.88
0 292.96 362.40 38.88 49.28
0 222.88 360.64 55.52 38.88
0 149.76 429.12 31.20 36.80
0 183.68 489.76 33.12 23.52
0 202.72 496.64 31.36 39.20
0 248.16 449.12 74.72 63.36
0 158.40 306.56 28.48 45.28
0 188.80 297.12 40.00 18.88
0 190.72 202.08 23.20 14.24
0 154.08 580.80 18.24 18.88
0 318.56 383.52 20.64 29.92
0 248.00 333.28 14.24 14.40
0 230.72 351.68 12.80 17.76
0 215.52 371.52 13.60 17.60
