0 128.62 177.23 240.31 228.31
0 134.77 336.62 39.38 25.23
0 142.46 361.08 30.15 50.62
0 172.31 357.08 28.31 50.62
0 183.38 362.62 40.31 42.62
0 125.38 410.77 54.00 30.46
0 120.31 439.69 34.92 45.54
0 156.31 442.00 41.23 55.23
0 201.23 451.23 50.15 52.46
0 179.69 409.54 52.00 43.54
0 208.62 394.77 54.15 42.15
0 283.38 340.77 52.15 55.54
0 309.69 424.00 38.92 58.77
0 363.08 243.23 44.00 60.31
0 392.00 219.23 62.62 53.23
0 538.46 275.23 44.31 66.92
0 442.77 226.62 9.38 10.46
0 320.92 347.69 6.46 4.46
0 183.08 443.69 6.92 6.00
0 393.85 300.92 6.46 4.00
