0 185.24 379.37 173.97 164.29
0 166.19 354.92 27.14 27.30
0 183.02 382.38 18.25 11.43
0 219.52 441.90 26.83 28.25
0 179.21 453.81 20.95 6.98
0 210.32 447.62 13.33 16.35
0 225.40 580.95 27.62 28.41
0 249.52 569.52 14.13 23.02
0 237.46 572.86 11.43 14.29
0 420.16 422.70 29.84 47.14
0 441.75 424.92 12.70 35.87
0 440.16 399.37 13.65 25.08
0 441.90 412.06 5.71 13.02
0 427.14 400.32 14.44 22.70
0 423.49 391.59 15.87 26.35
0 394.60 362.70 32.06 50.48
0 395.24 413.49 29.05 18.57
0 393.81 428.57 13.02 16.19
0 407.78 430.95 11.43 8.10
0 367.30 388.57 27.46 52.54
0 381.11 354.76 11.90 15.24
0 378.10 372.54 8.89 19.84
0 368.73 366.19 8.25 17.46
0 367.94 361.43 10.32 11.43
0 359.52 418.73 9.21 21.59
0 157.62 242.06 33.49 28.73
