0 83.75 169.69 66.25 27.81
0 105.94 203.12 31.88 32.19
0 127.81 234.69 34.06 34.69
0 83.75 297.50 115.00 9.38
0 191.25 170.62 37.81 16.56
0 251.56 262.50 8.75 22.81
0 180.31 392.19 57.19 89.69
0 486.25 317.50 39.38 69.69
0 324.69 445.94 51.88 65.62
0 479.38 421.25 62.81 45.00
0 376.25 304.69 22.19 30.00
0 379.38 296.56 106.88 83.12
0 437.81 228.44 15.94 20.94
0 483.12 247.19 51.25 47.81
0 405.00 288.44 16.56 25.94
0 442.19 365.62 12.50 22.81
0 457.19 620.00 3.44 18.44
0 405.94 621.88 36.56 17.50
0 110.00 600.31 31.25 17.81
0 236.56 248.75 89.06 41.88
0 111.25 63.75 72.81 75.00
0 233.12 192.19 23.44 17.50
0 229.06 403.75 14.69 8.75
0 253.12 395.31 8.75 19.38
0 129.38 481.88 14.38 16.56
0 474.38 534.38 10.94 16.25
0 290.94 395.94 13.44 17.19
0 407.19 265.62 7.19 12.50
0 444.06 255.94 17.81 11.56
