0 208.43 365.29 40.39 22.35
0 592.55 408.04 28.82 10.20
0 314.31 418.82 30.78 12.94
0 287.84 364.12 15.29 14.12
0 537.84 323.53 12.55 11.37
0 432.35 322.35 5.29 5.69
0 188.43 108.43 10.78 6.08
0 343.53 120.59 9.61 4.31
0 298.04 464.90 3.92 5.29
0 318.63 445.29 5.49 3.33
0 0.78 459.02 15.69 10.78
0 106.27 451.37 59.61 31.37
0 80.39 458.43 41.18 26.08
0 350.59 93.73 20.59 16.67
0 250.59 328.04 4.90 2.75
0 25.49 432.94 34.90 21.76
0 0.00 461.18 30.78 27.84
0 310.59 422.55 17.65 40.39
0 130.78 434.12 61.96 43.73
0 387.06 455.29 2.35 8.63
