0 0.564180 0.512102 0.046266 0.050547
0 0.475789 0.480398 0.049016 0.042891
0 0.428922 0.485148 0.026344 0.029109
0 0.445781 0.511023 0.064344 0.026953
0 0.501844 0.497398 0.064344 0.032172
0 0.500305 0.479625 0.056984 0.026656
0 0.474570 0.514398 0.006734 0.004297
0 0.502445 0.515617 0.066172 0.049016
0 0.449750 0.484070 0.020219 0.034922
0 0.541664 0.479320 0.025734 0.005828
0 0.227633 0.797180 0.020828 0.014703
0 0.839000 0.467211 0.072000 0.045953
0 0.671727 0.490195 0.037078 0.025734
0 0.682602 0.488969 0.011641 0.012875