0 0.012500 0.342125 0.024500 0.021000
0 0.160000 0.388375 0.062000 0.044500
0 0.196875 0.374000 0.061250 0.047750
0 0.139250 0.367875 0.034500 0.022000
0 0.109500 0.319625 0.019500 0.017500
0 0.195500 0.432250 0.016500 0.017250
0 0.295000 0.494250 0.025000 0.025250
0 0.415750 0.473625 0.022000 0.028000
0 0.563375 0.375375 0.074750 0.029500
0 0.546375 0.436250 0.071750 0.036250
0 0.750500 0.356750 0.050000 0.052750
0 0.328125 0.383250 0.042250 0.037250
0 0.342875 0.428000 0.024250 0.019750
0 0.077375 0.336125 0.049250 0.027000