0 0.505359 0.524664 0.054844 0.091609
0 0.437492 0.569086 0.042891 0.043203
0 0.430148 0.540133 0.008578 0.016547
0 0.436891 0.521133 0.012250 0.017766
0 0.452203 0.518391 0.018375 0.011031
0 0.452203 0.492031 0.004906 0.017156
0 0.469352 0.508570 0.009797 0.009797
0 0.467211 0.471508 0.011641 0.017766
0 0.474273 0.496633 0.007359 0.010422
0 0.473352 0.495406 0.011641 0.007969
0 0.471508 0.489281 0.016547 0.007969
0 0.459258 0.490812 0.004297 0.023281
0 0.431375 0.553609 0.011031 0.007969
0 0.436586 0.556672 0.011641 0.009187
0 0.454039 0.554227 0.008578 0.004297
0 0.255516 0.605703 0.004906 0.007969
0 0.554227 0.066797 0.004297 0.011031