0 0.445312 0.514703 0.013781 0.029406
0 0.477016 0.547477 0.020219 0.026953
0 0.485297 0.542437 0.022062 0.029719
0 0.642469 0.008422 0.019000 0.016844
0 0.549023 0.283555 0.028797 0.011953
0 0.562352 0.315258 0.010109 0.026953
0 0.516695 0.287531 0.011953 0.023594
0 0.405797 0.768070 0.028500 0.033703
0 0.645375 0.023734 0.015625 0.013781
0 0.608148 0.055914 0.019609 0.021141
0 0.661305 0.021141 0.024203 0.019000
0 0.620711 0.046414 0.007359 0.011328
0 0.630969 0.049023 0.012562 0.010422
0 0.643391 0.052547 0.019000 0.012562
0 0.595586 0.127461 0.008578 0.010422
0 0.621945 0.125758 0.013484 0.011328
0 0.593906 0.150883 0.010719 0.011328
0 0.574289 0.162219 0.008266 0.006438
0 0.594828 0.170953 0.006438 0.006125
0 0.580875 0.203422 0.014094 0.012250
0 0.562187 0.183664 0.006125 0.007047
0 0.541977 0.314039 0.026953 0.013484
0 0.551781 0.328898 0.023281 0.008891
0 0.558820 0.361055 0.017766 0.008266
0 0.594680 0.347586 0.004297 0.007047
0 0.733305 0.261500 0.021141 0.014406
0 0.657469 0.566484 0.015313 0.015313
0 0.558063 0.482227 0.010719 0.016547
0 0.594820 0.251539 0.008266 0.010422
0 0.417734 0.680305 0.027875 0.022359
0 0.428609 0.588703 0.006125 0.006438
0 0.478094 0.422805 0.020531 0.021453
0 0.462922 0.582117 0.032469 0.027578
0 0.484828 0.579648 0.010719 0.011641
0 0.566945 0.482531 0.010109 0.009187
0 0.558211 0.449906 0.003672 0.006438
0 0.448992 0.491414 0.008891 0.017766
0 0.356164 0.780953 0.011953 0.012875
0 0.353859 0.844062 0.020219 0.028187
0 0.433203 0.620258 0.009187 0.013172
0 0.452359 0.529570 0.012562 0.005828
0 0.508125 0.451281 0.021750 0.022062
0 0.363820 0.900422 0.021141 0.014094
0 0.294570 0.952664 0.010109 0.011328
0 0.349875 0.822922 0.011031 0.011031
0 0.433977 0.682141 0.005828 0.023594
0 0.397508 0.690109 0.008266 0.012562
0 0.370867 0.861219 0.007047 0.015938
0 0.376531 0.778187 0.023281 0.023281
0 0.372547 0.841305 0.007969 0.007359
0 0.365203 0.829656 0.004906 0.007969
0 0.470594 0.436273 0.009187 0.006734
0 0.411914 0.716922 0.024203 0.019000
0 0.407477 0.730391 0.014703 0.012875
0 0.391086 0.761953 0.005203 0.009187
0 0.398438 0.735148 0.007656 0.008891
0 0.416063 0.746172 0.022062 0.016844
0 0.364586 0.818633 0.006734 0.008578
0 0.396453 0.843898 0.007969 0.013172
0 0.368250 0.913906 0.012250 0.012250
0 0.382195 0.916203 0.011953 0.016844
0 0.335477 0.978547 0.011641 0.009187
0 0.329961 0.990500 0.010422 0.011031
0 0.611359 0.104320 0.013781 0.011953
0 0.597125 0.181672 0.026344 0.017156
0 0.667742 0.007047 0.035234 0.014094
0 0.514547 0.352789 0.018688 0.019922
0 0.532320 0.486063 0.018078 0.018688
0 0.481773 0.507656 0.022359 0.022062
0 0.500914 0.519609 0.027578 0.025125
0 0.483906 0.484070 0.024813 0.023891
0 0.422344 0.655172 0.031563 0.027875
0 0.521133 0.471195 0.020828 0.020828
0 0.715383 0.323375 0.021453 0.009500
0 0.728703 0.206336 0.009500 0.015016
0 0.785227 0.060195 0.014703 0.010109
0 0.803617 0.490648 0.014703 0.022359
0 0.449906 0.651656 0.006438 0.006125
0 0.428305 0.748477 0.007359 0.013484
0 0.485453 0.382195 0.004594 0.024203
0 0.477938 0.402430 0.006125 0.022984
0 0.397820 0.863664 0.008266 0.038609
0 0.556375 0.210938 0.009187 0.017469
0 0.394156 0.860898 0.006438 0.006734
0 0.393687 0.770219 0.004906 0.004906
0 0.386492 0.791828 0.005828 0.006438
0 0.390016 0.803766 0.004906 0.006438
0 0.345430 0.993719 0.005203 0.006438
0 0.376227 0.874242 0.005516 0.005828
0 0.380055 0.813883 0.003984 0.005828