0 0.226375 0.347625 0.039250 0.106500
0 0.239625 0.385125 0.060750 0.050500
0 0.365875 0.515500 0.037750 0.019250
0 0.418625 0.551125 0.042750 0.023000
0 0.512375 0.522125 0.073250 0.131500
0 0.513250 0.428500 0.058000 0.063250
0 0.609875 0.460375 0.054250 0.133500
0 0.614250 0.414625 0.048500 0.072500
0 0.672750 0.400625 0.053000 0.180500
0 0.705375 0.491125 0.065250 0.155000
0 0.462750 0.437000 0.057500 0.081250
0 0.398125 0.330500 0.092250 0.117750
0 0.753875 0.424125 0.041250 0.028000
0 0.765875 0.457750 0.064750 0.025250