0 0.282328 0.594969 0.094063 0.157469
0 0.269305 0.464773 0.094359 0.160547
0 0.247094 0.442703 0.083031 0.204656
0 0.357391 0.377602 0.076906 0.113672
0 0.520219 0.387875 0.063719 0.110906
0 0.609070 0.372086 0.066172 0.105703
0 0.649203 0.346055 0.053312 0.099578
0 0.720594 0.399195 0.075375 0.108453
0 0.761789 0.406711 0.039516 0.061578
0 0.708336 0.361523 0.069859 0.098047
0 0.148430 0.492492 0.044422 0.082422
0 0.173867 0.620703 0.077516 0.265313
0 0.788602 0.281250 0.259797 0.227937
0 0.274508 0.537070 0.033703 0.024516
0 0.269602 0.397836 0.028797 0.019922
0 0.241117 0.355391 0.028797 0.012250
0 0.520836 0.344359 0.021453 0.009187
0 0.619172 0.330109 0.020219 0.010719
0 0.734383 0.356000 0.021453 0.015313
0 0.753516 0.418961 0.013781 0.015016