0 0.338852 0.225344 0.102328 0.112437
0 0.472422 0.946383 0.018375 0.017766
0 0.280641 0.627445 0.004906 0.013484
0 0.284000 0.615812 0.015313 0.011031
0 0.284922 0.652273 0.004906 0.010422
0 0.279406 0.652578 0.006125 0.012250
0 0.134492 0.775438 0.016547 0.012875
0 0.171570 0.455875 0.008578 0.012250
0 0.171578 0.426781 0.004906 0.012875
0 0.164516 0.392773 0.009187 0.009797
0 0.171570 0.416359 0.003672 0.009187
0 0.454047 0.132047 0.004906 0.009187
0 0.470281 0.121320 0.007969 0.007359
0 0.492336 0.235602 0.016547 0.006734
0 0.690867 0.439023 0.006734 0.011641
0 0.724266 0.818930 0.015938 0.016547
0 0.147055 0.534008 0.014703 0.006734
0 0.331797 0.575063 0.003063 0.012875