0 0.701750 0.625469 0.103250 0.131438
0 0.728547 0.566797 0.048406 0.053312
0 0.306984 0.611984 0.040438 0.032781
0 0.342523 0.730844 0.039828 0.030937
0 0.142000 0.271445 0.034000 0.023891
0 0.323680 0.886180 0.039516 0.066484
0 0.343750 0.562500 0.061281 0.151344
0 0.318781 0.456195 0.049938 0.035547
0 0.313883 0.432438 0.026047 0.013781
0 0.646906 0.167891 0.031563 0.018375
0 0.196383 0.560516 0.028797 0.020531
0 0.219672 0.566937 0.019000 0.015625
0 0.596664 0.762109 0.011953 0.029719
0 0.723953 0.454656 0.051469 0.028187
0 0.269914 0.180602 0.035547 0.011953
0 0.526492 0.199609 0.067703 0.015625
0 0.554070 0.149047 0.007047 0.003375
0 0.198992 0.401352 0.015016 0.009797
0 0.676320 0.871469 0.013172 0.093437
0 0.561734 0.787227 0.017469 0.025422
0 0.415141 0.794422 0.048406 0.045344
0 0.701438 0.539523 0.038906 0.041047
0 0.154102 0.190109 0.027578 0.021750
0 0.335625 0.633422 0.015625 0.009500