0 0.349273 0.091297 0.343141 0.181375
0 0.306219 0.155320 0.226406 0.183203
0 0.438734 0.387711 0.519000 0.445766
0 0.213695 0.256891 0.177391 0.190875
0 0.215687 0.687187 0.181375 0.412375
0 0.697156 0.325977 0.038906 0.027578
0 0.660242 0.564648 0.069859 0.066797
0 0.706195 0.513172 0.161766 0.109688
0 0.281859 0.602633 0.310656 0.319859
0 0.827352 0.594211 0.069547 0.082422
0 0.776492 0.479008 0.064641 0.056672
0 0.829969 0.378672 0.054531 0.036156
0 0.463383 0.602641 0.073828 0.050250
0 0.460641 0.654102 0.100188 0.056984
0 0.403031 0.626680 0.034625 0.036453
0 0.692242 0.273742 0.010109 0.005828
0 0.790758 0.505820 0.010422 0.028797
0 0.426164 0.622852 0.007359 0.017766
0 0.525883 0.621945 0.044422 0.135422
0 0.531102 0.681984 0.019922 0.015938