0 0.266844 0.509039 0.046562 0.092828
0 0.309437 0.500305 0.047188 0.102328
0 0.350953 0.506742 0.048719 0.108453
0 0.397367 0.525742 0.049016 0.093141
0 0.439648 0.515781 0.049016 0.104469
0 0.479930 0.502148 0.043203 0.098047
0 0.521289 0.502141 0.043203 0.109062
0 0.563578 0.521453 0.046875 0.109688
0 0.604320 0.521906 0.043203 0.145531
0 0.671570 0.542430 0.061891 0.100797
0 0.520219 0.591156 0.113969 0.045656
0 0.413141 0.590234 0.100188 0.040750
0 0.303312 0.587313 0.113969 0.045344
0 0.246016 0.573227 0.028187 0.026953
0 0.316484 0.541203 0.015938 0.014406
0 0.352328 0.555000 0.012250 0.006438
0 0.431211 0.558828 0.013172 0.006125
0 0.477789 0.540438 0.010109 0.007969
0 0.521906 0.549016 0.010719 0.004906
0 0.448375 0.378070 0.024813 0.011641
0 0.414062 0.380820 0.037687 0.016547
0 0.386797 0.389250 0.023594 0.028500
0 0.650742 0.418500 0.022672 0.026344
0 0.611672 0.805000 0.006438 0.017469
0 0.606609 0.588383 0.020219 0.011328