0 0.536305 0.360289 0.061578 0.047797
0 0.642922 0.478406 0.068937 0.087313
0 0.526359 0.443625 0.012875 0.011031
0 0.540906 0.473492 0.017469 0.021141
0 0.753516 0.489133 0.041969 0.043203
0 0.888172 0.545336 0.034313 0.022672
0 0.737742 0.409469 0.011641 0.009500
0 0.636492 0.406711 0.008266 0.008266
0 0.604781 0.333023 0.015313 0.031859
0 0.572453 0.410227 0.015625 0.008578
0 0.588234 0.463242 0.019000 0.010422
0 0.672641 0.470898 0.017469 0.014703
0 0.549781 0.521758 0.013781 0.019609
0 0.489734 0.599266 0.051781 0.017156
0 0.357383 0.604781 0.015016 0.014094
0 0.629289 0.581344 0.019609 0.046875
0 0.675555 0.543805 0.052078 0.037984
0 0.610297 0.637414 0.020219 0.013172
0 0.601859 0.519141 0.041969 0.018688
0 0.668359 0.576297 0.009500 0.015938
0 0.710016 0.545047 0.021750 0.033094
0 0.719508 0.594359 0.016234 0.007969
0 0.692867 0.595891 0.015016 0.014094
0 0.688727 0.606469 0.007359 0.020531
0 0.708797 0.615656 0.010719 0.010719
0 0.524195 0.565250 0.011641 0.009187
0 0.645687 0.589148 0.014406 0.016547
0 0.502297 0.746016 0.016844 0.011031
0 0.669117 0.593898 0.011641 0.008266
0 0.682602 0.594664 0.004297 0.010422
0 0.623016 0.671109 0.017469 0.007656
0 0.666063 0.607836 0.011031 0.009797
0 0.612281 0.532930 0.007656 0.005203
0 0.589148 0.586094 0.006734 0.007969
0 0.645367 0.678914 0.013172 0.008578
0 0.745398 0.701281 0.006734 0.015313
0 0.830734 0.725648 0.006438 0.011953
0 0.652883 0.391242 0.009797 0.007359
0 0.653039 0.602492 0.011953 0.005828
0 0.642008 0.609977 0.005203 0.009797
0 0.648289 0.656406 0.006734 0.012562
0 0.658398 0.665281 0.007359 0.007656
0 0.670195 0.459859 0.013172 0.007969
0 0.684445 0.492805 0.007359 0.005828
0 0.316477 0.475023 0.026953 0.011328
0 0.690719 0.787531 0.018688 0.006438
0 0.840844 0.676633 0.013781 0.011953
0 0.629602 0.401508 0.008578 0.003984
0 0.896742 0.314344 0.009797 0.011031
0 0.908852 0.316172 0.013172 0.011031
0 0.906555 0.303469 0.021453 0.014406
0 0.924320 0.299484 0.011641 0.006438
0 0.597734 0.846969 0.020219 0.007656
0 0.738047 0.134813 0.019000 0.007969