0 0.227641 0.422188 0.240813 0.262875
0 0.180602 0.386492 0.033391 0.030328
0 0.131750 0.348195 0.033094 0.029109
0 0.136180 0.327195 0.029109 0.041047
0 0.160695 0.373156 0.040141 0.043500
0 0.670344 0.470734 0.054531 0.092219
0 0.708187 0.331961 0.079969 0.071391
0 0.654563 0.363508 0.062813 0.030328
0 0.819391 0.209258 0.023594 0.010422
0 0.751227 0.365187 0.025734 0.018375
0 0.715234 0.252297 0.009500 0.007656
0 0.742344 0.244180 0.011031 0.006734
0 0.476719 0.222727 0.009187 0.006734
0 0.374687 0.348500 0.012250 0.007656
0 0.442867 0.350789 0.011953 0.008578
0 0.576438 0.357383 0.010719 0.008891
0 0.868867 0.140625 0.013484 0.006125