0 0.500125 0.045500 0.030500 0.012500
0 0.501750 0.467250 0.050250 0.023500
0 0.518875 0.492750 0.004000 0.011000
0 0.572875 0.477000 0.011000 0.009000
0 0.392875 0.573250 0.006000 0.013000
0 0.442500 0.618250 0.013750 0.010500
0 0.444000 0.622125 0.009250 0.007250
0 0.365500 0.725500 0.023250 0.008000
0 0.373750 0.712875 0.009750 0.014750
0 0.326750 0.792250 0.010250 0.019000
0 0.435500 0.950625 0.020250 0.015750
0 0.587250 0.937250 0.014250 0.015000
0 0.387375 0.572000 0.005500 0.009500
0 0.534000 0.463375 0.007250 0.009750
0 0.558625 0.395250 0.005000 0.006000
0 0.563375 0.078625 0.006500 0.003250
0 0.702750 0.957750 0.018750 0.036000
0 0.513000 0.798375 0.015750 0.028250
0 0.309000 0.731375 0.019250 0.024750
0 0.379625 0.746500 0.029000 0.017500
0 0.282250 0.767125 0.011250 0.011250