0 0.071844 0.139250 0.143687 0.028500
0 0.677547 0.465984 0.043812 0.015313
0 0.803156 0.483758 0.010719 0.003672
0 0.220594 0.517766 0.012875 0.004906
0 0.626836 0.479938 0.007359 0.004594
0 0.753828 0.531398 0.012562 0.007047
0 0.921414 0.542430 0.008891 0.005828
0 0.732539 0.450211 0.008578 0.011328
0 0.454195 0.435047 0.019297 0.015313
0 0.468141 0.444086 0.020219 0.008266
0 0.244937 0.444391 0.016844 0.020531
0 0.135875 0.505367 0.010719 0.003984
0 0.057445 0.454203 0.015016 0.012562
0 0.620094 0.526508 0.009187 0.005828
0 0.813117 0.549477 0.017766 0.008266
0 0.864891 0.474266 0.036156 0.012875
0 0.855234 0.447000 0.035844 0.012875
0 0.921570 0.473195 0.011641 0.005828
0 0.920187 0.505664 0.023594 0.008266
0 0.685820 0.444555 0.015016 0.005516
0 0.523742 0.481000 0.008266 0.004906
0 0.487594 0.451898 0.010719 0.005516