0 0.496625 0.495000 0.046500 0.023500
0 0.480750 0.495875 0.009750 0.007250
0 0.535750 0.430125 0.024250 0.023250
0 0.556750 0.470750 0.015750 0.008000
0 0.494625 0.486500 0.011000 0.008000
0 0.500250 0.486625 0.007250 0.006750
0 0.512000 0.483250 0.008250 0.003000
0 0.441000 0.536625 0.010250 0.008250
0 0.447875 0.508500 0.005000 0.010000
0 0.440750 0.515250 0.016750 0.014000
0 0.401500 0.512500 0.017250 0.012500
0 0.388375 0.553250 0.006500 0.011000
0 0.408000 0.548750 0.009250 0.010500
0 0.335500 0.612875 0.009250 0.011750
0 0.301500 0.642125 0.006250 0.010750
0 0.351375 0.565375 0.014000 0.008250
0 0.322250 0.599625 0.065750 0.086750