0 0.576438 0.227016 0.031563 0.051469
0 0.446375 0.217227 0.012250 0.010422
0 0.605086 0.155945 0.009797 0.011641
0 0.368266 0.329664 0.007969 0.016547
0 0.407328 0.321695 0.007656 0.010422
0 0.484836 0.347125 0.010109 0.014094
0 0.510875 0.377609 0.012562 0.037687
0 0.491117 0.369172 0.006734 0.006125
0 0.488516 0.253836 0.014406 0.007047
0 0.549172 0.326289 0.010719 0.007359
0 0.550242 0.344367 0.007359 0.007359
0 0.446078 0.482539 0.015313 0.013484
0 0.444539 0.430305 0.008578 0.013172
0 0.475648 0.491719 0.019297 0.018375
0 0.463695 0.738812 0.067703 0.100188
0 0.598812 0.706648 0.076906 0.088547
0 0.440570 0.780633 0.021453 0.019609
0 0.457562 0.783547 0.021750 0.016844
0 0.514094 0.626539 0.011031 0.008578
0 0.561578 0.626375 0.011031 0.013781
0 0.372094 0.589930 0.007656 0.011953
0 0.537984 0.934125 0.017156 0.026344
0 0.561742 0.434273 0.003984 0.011328
0 0.420352 0.075680 0.007359 0.013484
0 0.503672 0.362437 0.007969 0.012250
0 0.205422 0.321383 0.020531 0.017766
0 0.594062 0.567859 0.007969 0.018688
0 0.223344 0.200984 0.012250 0.017156