0 0.614375 0.444125 0.047000 0.031750
0 0.593875 0.583000 0.003500 0.006000
0 0.604625 0.601125 0.003500 0.007250
0 0.615250 0.685125 0.008250 0.009250
0 0.645500 0.915125 0.021750 0.007250
0 0.627125 0.873250 0.005500 0.015500
0 0.632125 0.884375 0.007500 0.013750
0 0.635250 0.883000 0.006750 0.013500
0 0.630750 0.901250 0.008250 0.014000
0 0.643250 0.831125 0.012250 0.003750
0 0.637750 0.767625 0.007250 0.011250
0 0.635625 0.783750 0.010000 0.010000
0 0.623375 0.660875 0.010000 0.006750
0 0.567875 0.141750 0.006500 0.004000
0 0.633750 0.672000 0.021250 0.017500