0 0.765164 0.292578 0.130203 0.134187
0 0.777117 0.211250 0.138172 0.101406
0 0.475336 0.659008 0.073828 0.227328
0 0.354164 0.696070 0.020828 0.023891
0 0.420492 0.581344 0.021141 0.012562
0 0.328586 0.887719 0.038297 0.010719
0 0.266078 0.853859 0.032781 0.019000
0 0.369023 0.492031 0.144922 0.096812
0 0.438422 0.496930 0.059437 0.088234
0 0.426781 0.498469 0.198531 0.068625
0 0.445320 0.511031 0.015016 0.012250
0 0.485305 0.509039 0.021453 0.011953
0 0.374078 0.979930 0.018375 0.026047
0 0.471805 0.372852 0.006734 0.017766