0 0.017750 0.632750 0.035500 0.026750
0 0.279750 0.628750 0.068000 0.029250
0 0.312750 0.713750 0.049500 0.027750
0 0.160750 0.636500 0.010000 0.029750
0 0.572875 0.699125 0.027750 0.023500
0 0.664875 0.692500 0.035750 0.069750
0 0.726125 0.379625 0.018250 0.018000
0 0.416250 0.554375 0.019500 0.025500
0 0.685500 0.631000 0.027500 0.012750
0 0.037750 0.584500 0.045000 0.014750
0 0.766000 0.608500 0.009500 0.008750
0 0.831875 0.569000 0.023750 0.020750
0 0.553000 0.607875 0.042000 0.024500
0 0.692750 0.644750 0.019000 0.017750