0 0.495008 0.614461 0.097703 0.042922
0 0.504602 0.504133 0.013359 0.005641
0 0.539898 0.554969 0.013547 0.006406
0 0.686367 0.406242 0.012422 0.005266
0 0.578406 0.421500 0.006219 0.009031
0 0.363047 0.639023 0.017500 0.005078
0 0.503477 0.813352 0.011859 0.011484
0 0.754234 0.366156 0.006594 0.007156
0 0.757906 0.201148 0.006406 0.003953
0 0.751219 0.237758 0.008844 0.003766
0 0.660766 0.242086 0.007531 0.003766
0 0.667359 0.252070 0.006406 0.004141
0 0.452383 0.307992 0.009797 0.002641
0 0.468281 0.293398 0.009594 0.004703
0 0.574453 0.289336 0.009594 0.005266
0 0.553094 0.277859 0.006031 0.007531
0 0.491242 0.287188 0.003203 0.006219
0 0.360313 0.336977 0.008656 0.004891
0 0.249625 0.447953 0.007906 0.007719
0 0.286234 0.470453 0.006219 0.006031
0 0.427992 0.643359 0.010359 0.008094
0 0.501789 0.718852 0.011109 0.011859
0 0.628203 0.361352 0.006406 0.005078
0 0.347141 0.534734 0.007531 0.007719
0 0.242570 0.425828 0.003203 0.007156