0 0.451906 0.194375 0.093563 0.064187
0 0.485414 0.503297 0.088297 0.086781
0 0.276453 0.387984 0.040469 0.038406
0 0.764023 0.312586 0.011859 0.004703
0 0.730133 0.402391 0.011109 0.016375
0 0.733336 0.453594 0.013359 0.014125
0 0.768922 0.543109 0.023531 0.007531
0 0.773438 0.595922 0.013750 0.013750
0 0.738703 0.577836 0.015438 0.012234
0 0.730891 0.706422 0.031062 0.016375
0 0.700953 0.938070 0.007719 0.010172
0 0.528422 0.892984 0.021844 0.022781
0 0.484383 0.774937 0.002266 0.009594
0 0.502727 0.852125 0.005453 0.008844
0 0.400516 0.889500 0.014500 0.014688
0 0.411813 0.893828 0.006969 0.015813
0 0.251508 0.230891 0.012797 0.017500
0 0.243977 0.244445 0.011672 0.021266
0 0.637328 0.496609 0.021656 0.029375
0 0.648055 0.613609 0.011109 0.023531
0 0.670469 0.589695 0.015250 0.020891
0 0.570312 0.595531 0.014875 0.023531
0 0.576898 0.628664 0.012984 0.012984
0 0.434016 0.564844 0.008094 0.016750
0 0.451992 0.453789 0.021078 0.017891
0 0.525422 0.165289 0.021844 0.010547
0 0.285297 0.441445 0.008844 0.005641