0 0.743328 0.303430 0.019406 0.018141
0 0.097273 0.235758 0.022172 0.038047
0 0.029742 0.502516 0.009078 0.102313
0 0.231352 0.803305 0.028734 0.037547
0 0.737023 0.826984 0.022422 0.046625
0 0.628773 0.645789 0.006047 0.008828
0 0.463961 0.659648 0.006047 0.008828
0 0.428555 0.599539 0.020922 0.022172
0 0.346008 0.602828 0.006547 0.007062
0 0.269656 0.824477 0.008563 0.009828
0 0.134453 0.735125 0.023938 0.038812
0 0.726688 0.347406 0.011844 0.007312
0 0.404234 0.539563 0.062000 0.049906
0 0.102188 0.539813 0.015875 0.034781
0 0.182078 0.754664 0.038562 0.024453
0 0.234492 0.843125 0.025953 0.015375
0 0.697703 0.557594 0.007812 0.007312