0 0.842875 0.167625 0.024250 0.013750
0 0.824375 0.184750 0.045750 0.021000
0 0.767250 0.218250 0.030500 0.029500
0 0.742625 0.241375 0.051250 0.060250
0 0.628500 0.391875 0.037500 0.033750
0 0.612625 0.462250 0.049250 0.065500
0 0.577625 0.434625 0.083750 0.055250
0 0.624125 0.438750 0.055750 0.034500
0 0.479375 0.474750 0.072250 0.067500
0 0.460250 0.401000 0.065500 0.045500
0 0.454625 0.360625 0.052250 0.060750
0 0.377000 0.403125 0.116500 0.103750
0 0.300625 0.618375 0.092250 0.087250
0 0.301500 0.558250 0.062000 0.049500
0 0.358625 0.672875 0.056250 0.070250
0 0.522000 0.699250 0.102000 0.091500
0 0.519625 0.602000 0.142250 0.160000
0 0.546125 0.498000 0.035250 0.062500
0 0.598750 0.534250 0.043500 0.052000
0 0.520250 0.455500 0.033500 0.035500
0 0.425000 0.683500 0.089000 0.092000
0 0.424375 0.654375 0.081750 0.055750
0 0.530625 0.784375 0.089750 0.060250
0 0.452375 0.615250 0.054750 0.067000
0 0.488125 0.604750 0.060750 0.077000
0 0.391625 0.593875 0.086750 0.060750
0 0.258375 0.699250 0.048750 0.057500
0 0.312875 0.783625 0.051750 0.036750
0 0.341250 0.806625 0.049000 0.061250
0 0.446125 0.751250 0.116750 0.099000
0 0.269750 0.514375 0.044500 0.070750
0 0.326250 0.479000 0.062500 0.029500
0 0.316125 0.326875 0.036250 0.022250
0 0.255000 0.922250 0.028500 0.029500
0 0.513875 0.622625 0.032250 0.046750
0 0.398625 0.532000 0.022250 0.022500
0 0.370500 0.563375 0.020000 0.027750
0 0.347375 0.594250 0.021250 0.027500