0 0.114547 0.162734 0.084375 0.031250
0 0.150969 0.166344 0.011062 0.011531
0 0.195188 0.555414 0.016344 0.016109
0 0.152531 0.687133 0.061781 0.075234
0 0.074875 0.597719 0.099281 0.089188
0 0.198789 0.605531 0.059609 0.047594
0 0.802039 0.228969 0.132453 0.086781
0 0.943625 0.238219 0.014188 0.082219
0 0.906258 0.297109 0.090391 0.071156
0 0.903359 0.708289 0.120188 0.109859
0 0.745313 0.624641 0.032937 0.029563
0 0.866227 0.864664 0.032453 0.019234
0 0.457219 0.713344 0.075969 0.190625
0 0.404211 0.217797 0.074766 0.038469
0 0.623680 0.543633 0.048797 0.032453