0 0.388711 0.455289 0.375484 0.356734
0 0.241344 0.545680 0.061531 0.039422
0 0.246148 0.603734 0.047109 0.079094
0 0.291352 0.597484 0.044234 0.079094
0 0.318023 0.599891 0.062984 0.066594
0 0.238094 0.665625 0.084375 0.047594
0 0.215266 0.722594 0.054562 0.071156
0 0.276445 0.733773 0.064422 0.086297
0 0.353602 0.746031 0.078359 0.081969
0 0.321391 0.673922 0.081250 0.068031
0 0.368273 0.649758 0.084609 0.065859
0 0.483523 0.575844 0.081484 0.086781
0 0.514297 0.708414 0.060813 0.091828
0 0.601687 0.427164 0.068750 0.094234
0 0.661422 0.384133 0.097844 0.083172
0 0.875961 0.482328 0.069234 0.104563
0 0.699156 0.362266 0.014656 0.016344
0 0.506484 0.546750 0.010094 0.006969
0 0.291469 0.697953 0.010812 0.009375
0 0.620438 0.473313 0.010094 0.006250