0 0.425352 0.721117 0.271828 0.256703
0 0.280875 0.575891 0.042406 0.042656
0 0.300227 0.606398 0.028516 0.017859
0 0.363961 0.712539 0.041922 0.044141
0 0.296383 0.714531 0.032734 0.010906
0 0.339039 0.712180 0.020828 0.025547
0 0.373766 0.929930 0.043156 0.044391
0 0.400914 0.907859 0.022078 0.035969
0 0.379961 0.906258 0.017859 0.022328
0 0.679813 0.697297 0.046625 0.073656
0 0.700156 0.691961 0.019844 0.056047
0 0.698414 0.643609 0.021328 0.039188
0 0.694930 0.654016 0.008922 0.020344
0 0.678687 0.643234 0.022562 0.035469
0 0.674102 0.632445 0.024797 0.041172
0 0.641609 0.606156 0.050094 0.078875
0 0.640258 0.660586 0.045391 0.029016
0 0.625500 0.682289 0.020344 0.025297
0 0.646086 0.679688 0.017859 0.012656
0 0.595359 0.648187 0.042906 0.082094
0 0.604781 0.566219 0.018594 0.023813
0 0.597727 0.597594 0.013891 0.031000
0 0.582586 0.585813 0.012891 0.027281
0 0.582969 0.573664 0.016125 0.017859
0 0.568945 0.671133 0.014391 0.033734
0 0.272445 0.400664 0.052328 0.044891