0 0.262203 0.031000 0.015625 0.018063
0 0.716313 0.441156 0.010750 0.014156
0 0.493414 0.474859 0.012203 0.017094
0 0.429688 0.485836 0.016594 0.009766
0 0.659664 0.935797 0.013672 0.013187
0 0.554203 0.953125 0.042000 0.031250
0 0.451180 0.244633 0.013672 0.025391
0 0.218266 0.151609 0.050781 0.032719
0 0.434320 0.344719 0.016109 0.016594
0 0.771000 0.536141 0.015625 0.014656
0 0.138187 0.691164 0.019531 0.012203
0 0.714359 0.968750 0.011719 0.008781
0 0.820078 0.953609 0.017094 0.008781
0 0.523680 0.886234 0.020016 0.016594