0 0.182617 0.286867 0.103516 0.043453
0 0.190437 0.342523 0.049812 0.050297
0 0.226312 0.393805 0.053219 0.054203
0 0.220703 0.472172 0.179688 0.014656
0 0.328367 0.279531 0.059078 0.025875
0 0.399898 0.427977 0.013672 0.035641
0 0.326414 0.682867 0.089359 0.140141
0 0.790531 0.550539 0.061531 0.108891
0 0.547859 0.748047 0.081063 0.102531
0 0.798102 0.693359 0.098141 0.070312
0 0.605227 0.499516 0.034672 0.046875
0 0.676281 0.528312 0.167000 0.129875
0 0.696531 0.373297 0.024906 0.032719
0 0.794914 0.423586 0.080078 0.074703
0 0.645750 0.470953 0.025875 0.040531
0 0.700688 0.589102 0.019531 0.035641
0 0.717047 0.983156 0.005375 0.028813
0 0.662844 0.985359 0.057125 0.027344
0 0.196289 0.951898 0.048828 0.027828
0 0.439203 0.421391 0.139156 0.065438
0 0.230711 0.158203 0.113766 0.117188
0 0.382563 0.313969 0.036625 0.027344
0 0.369383 0.637695 0.022953 0.013672
0 0.402336 0.632812 0.013672 0.030281
0 0.213391 0.765875 0.022469 0.025875
0 0.749766 0.847664 0.017094 0.025391
0 0.465094 0.632086 0.021000 0.026859
0 0.641852 0.424797 0.011234 0.019531
0 0.707758 0.408937 0.027828 0.018063