0 0.470117 0.586187 0.139641 0.230906
0 0.573406 0.460187 0.116562 0.124250
0 0.511031 0.867437 0.034969 0.023062
0 0.766742 0.845352 0.006703 0.016609
0 0.750742 0.811875 0.008922 0.007687
0 0.765250 0.693695 0.008188 0.005953
0 0.675109 0.759055 0.008438 0.009172
0 0.482023 0.742555 0.009172 0.012891
0 0.526039 0.818078 0.013391 0.012156
0 0.515750 0.841141 0.011656 0.007687
0 0.689602 0.991938 0.009672 0.012156
0 0.751242 0.611859 0.009422 0.008438
0 0.190469 0.902656 0.007437 0.011656
0 0.786211 0.791172 0.004953 0.007437
0 0.664937 0.777031 0.007938 0.006938
0 0.837305 0.794141 0.008922 0.007437
0 0.810508 0.797992 0.004953 0.006703