0 0.510258 0.648438 0.061578 0.018688
0 0.574906 0.723352 0.021750 0.008578
0 0.509188 0.979773 0.012250 0.030641
0 0.638477 0.864891 0.020828 0.020219
0 0.439945 0.587930 0.008578 0.023891
0 0.467828 0.269305 0.020219 0.011641
0 0.706797 0.333945 0.025125 0.019609
0 0.787992 0.829961 0.014703 0.021453
0 0.772680 0.796570 0.013484 0.031859
0 0.799016 0.816789 0.022062 0.013484
0 0.784313 0.563727 0.034313 0.008578
0 0.704961 0.463539 0.017766 0.022672
0 0.676781 0.254289 0.015313 0.008578
0 0.753070 0.085477 0.019609 0.004297
0 0.789828 0.150438 0.015938 0.007969
0 0.695773 0.088852 0.006734 0.008578
0 0.852328 0.251219 0.015938 0.006125
0 0.294422 0.815258 0.015313 0.022672