0 0.357227 0.588227 0.063109 0.034922
0 0.948375 0.645531 0.045031 0.015938
0 0.515156 0.664516 0.048094 0.020219
0 0.461695 0.579969 0.023891 0.022062
0 0.850180 0.514398 0.019609 0.017766
0 0.679680 0.508117 0.008266 0.008891
0 0.302844 0.174172 0.016844 0.009500
0 0.544273 0.191789 0.015016 0.006734
0 0.468750 0.730539 0.006125 0.008266
0 0.502148 0.698367 0.008578 0.005203
0 0.013477 0.725641 0.024516 0.016844
0 0.212617 0.729773 0.093141 0.049016
0 0.157781 0.736672 0.064344 0.040750
0 0.563883 0.159477 0.032172 0.026047
0 0.395375 0.514711 0.007656 0.004297
0 0.067094 0.693469 0.054531 0.034000
0 0.024047 0.742344 0.048094 0.043500
0 0.499086 0.691789 0.027578 0.063109
0 0.252750 0.712477 0.096812 0.068328
0 0.606617 0.718133 0.003672 0.013484