0 0.132625 0.630375 0.061531 0.102031
0 0.598617 0.579344 0.051828 0.099594
0 0.655695 0.582992 0.084203 0.039672
0 0.568047 0.625516 0.010937 0.010531
0 0.506914 0.627727 0.011734 0.011734
0 0.541727 0.669836 0.014172 0.013359
0 0.582828 0.623477 0.020250 0.012141
0 0.500844 0.622266 0.010937 0.010531
0 0.104891 0.728141 0.017406 0.016594
0 0.885461 0.538664 0.220641 0.112953
0 0.620281 0.533609 0.036031 0.018625
0 0.060766 0.760531 0.028750 0.019031
0 0.021086 0.721867 0.030359 0.005672
0 0.242953 0.718828 0.010937 0.018219
0 0.570281 0.665180 0.011344 0.012141
0 0.365219 0.726508 0.010937 0.011734
0 0.894570 0.702836 0.006484 0.021047