0 0.259953 0.256891 0.018688 0.017469
0 0.673250 0.443477 0.020531 0.019297
0 0.526813 0.959414 0.076906 0.080578
0 0.488672 0.986375 0.047188 0.026656
0 0.615805 0.832414 0.009797 0.004297
0 0.601719 0.841297 0.011031 0.006125
0 0.599875 0.848648 0.011031 0.007359
0 0.597125 0.851719 0.007969 0.004906
0 0.575375 0.847125 0.011031 0.009187
0 0.593133 0.782164 0.008578 0.010422
0 0.593453 0.741734 0.012875 0.007969
0 0.673719 0.718141 0.007969 0.011031
0 0.685969 0.518695 0.003063 0.010422
0 0.288906 0.977633 0.012875 0.005516
0 0.599570 0.748461 0.006734 0.005516